<<<<<<< HEAD
[0, 190, 154, 153, 192, 139, 138, 106, 95, 173, 104, 120, 121, 98, 201, 135, 4, 105, 5, 148, 163, 149, 203, 164, 114, 6, 34, 78, 13, 0, 128, 126, 156, 140, 142, 151, 198, 143, 112, 194, 1, 129, 92, 165, 119, 51, 59, 60, 48, 27, 45, 46, 47, 8, 69, 72, 94, 127, 0, 124, 118, 103, 93, 183, 122, 172, 111, 174, 108, 107, 109, 97, 123, 184, 125, 96, 110, 196, 176, 146, 137, 157, 0, 191, 195, 130, 167, 166, 100, 170, 171, 150, 115, 186, 152, 180, 197, 177, 0, 116, 113, 136, 141, 117, 200, 193, 131, 2, 99, 185, 181, 182, 178, 179, 147, 144, 155, 145, 0, 161, 175, 187, 159, 158, 189, 134, 162, 160, 188, 204, 169, 102, 3, 168, 0, 133, 199, 202, 132, 24, 25, 40, 52, 53, 55, 80, 82, 83, 70, 71, 38, 86, 87, 88, 64, 90, 91, 101, 0, 61, 56, 77, 89, 81, 75, 79, 16, 17, 54, 9, 11, 10, 32, 33, 57, 20, 22, 28, 29, 0, 36, 19, 21, 35, 50, 62, 15, 23, 85, 58, 49, 84, 68, 76, 73, 74, 42, 43, 44, 37, 66, 0, 63, 12, 26, 14, 67, 65, 30, 31, 39, 7, 18, 41, 0]
623.8316568063996
10
[]
508.77334566101325
=======
[0, 49, 71, 83, 41, 73, 77, 80, 79, 94, 24, 25, 128, 103, 134, 136, 28, 0, 87, 48, 40, 53, 50, 64, 127, 63, 42, 6, 95, 109, 0, 117, 101, 116, 26, 62, 106, 61, 27, 86, 39, 46, 44, 59, 0, 43, 85, 9, 54, 74, 133, 120, 51, 114, 118, 78, 23, 76, 75, 132, 68, 0, 32, 55, 99, 108, 131, 47, 91, 97, 126, 52, 93, 4, 1, 16, 90, 88, 31, 0, 56, 115, 96, 84, 82, 125, 3, 20, 2, 14, 13, 12, 11, 7, 19, 8, 10, 18, 5, 111, 0, 21, 65, 122, 113, 135, 66, 104, 119, 81, 102, 45, 124, 112, 0, 89, 67, 100, 98, 60, 58, 92, 130, 107, 129, 72, 123, 0, 37, 57, 36, 35, 38, 34, 30, 110, 121, 29, 137, 15, 17, 0, 33, 69, 22, 70, 105, 0]
734.9138587575587
10
[]
>>>>>>> df083f2fc39e44800b73c71e40aa5a463c6eedb9
